10000350335 352 128 3
15000723311 368 -304 3
10001397253 16 176 3
10002003461 -272 176 3
10002126723 288 -384 3
15002829214 288 -320 3
15003236835 -352 128 3
10003546910 240 352 3
15003885834 96 352 3
10004330764 384 256 3
15005427756 320 144 3
10005766192 272 336 3
10006916379 288 128 3
10007470664 192 32 3
10007498736 272 272 3
15007598809 144 16 3
10007864335 256 96 3
15008519758 336 368 3
15011098160 -272 48 3
15012609314 -448 176 3
10012664092 304 336 3
15012791196 368 192 3
15013421065 128 288 3
15013685960 320 -272 3
15013852284 -288 -352 3
15013913411 32 -304 3
10015272506 384 16 3
15015655901 0 192 3
15017554761 384 304 3
15017876559 -416 48 3
10017908458 384 -320 3
15018234242 -448 160 3
15018577569 352 144 3
10019062102 368 240 3
15019471624 64 96 3
10023366727 48 -416 3
15023782477 -304 208 3
15024732421 48 208 3
15026171324 192 336 3
15027090044 16 208 3
10027237500 -320 32 3
15028376709 -288 384 3
10028627285 32 -304 3
10029795550 -288 64 3
15030895822 96 208 3
10031103079 240 48 3
10032576720 -304 224 3
10033217492 0 304 3
10033785801 160 160 3
10034658046 112 16 3
10036680960 -304 96 3
10037224211 320 -304 3
10038476225 304 -256 3
15038675726 272 352 3
15039688356 -336 -320 3
15040414463 240 -416 3
10040495944 256 -304 3
15041946986 -416 -256 3
10042195396 -256 -336 3
15042810946 224 -320 3
10043336367 -288 256 3
10043694622 -288 368 3
15044014508 48 -256 3
10044046348 336 -336 3
15045534147 112 -448 3
15045634671 -320 336 3
10045894901 256 128 3
10045966118 336 -336 3
10046277808 128 272 3
15046533031 0 144 3
15046622952 288 16 3
15046737334 320 240 3
10047534313 -304 240 3
10048218100 112 384 3
15048379982 -336 -336 3
10048531026 240 288 3
15048569344 64 176 3
15048878850 368 -320 3
15049106007 272 176 3
10049135481 48 352 3
10049154153 16 -368 3
15049435396 256 -320 3
10049477718 96 368 3
15050493682 320 272 3
10050573481 112 0 3
10052101291 304 16 3
10054234025 -400 176 3
15055245370 96 32 3
15056138331 208 -272 3
15056249789 272 -336 3
15056937317 384 0 3
15058609036 160 80 3
10059874376 288 -400 3
10060310560 352 32 3
15061126844 240 272 3
10061558299 352 -256 3
15061716427 384 208 3
15062029302 32 -256 3
15062573958 144 -368 3
15062686446 144 144 3
10063008646 288 -304 3
15063945877 128 -336 3
15064552961 288 16 3
15065836260 -400 224 3
15066487304 272 176 3
10067274852 320 16 3
15067727950 -336 320 3
15067794727 272 176 3
10068104529 160 128 3
10068578108 80 0 3
10069227636 96 224 3
10069921565 176 288 3
15071005172 128 -256 3
10071274780 304 96 3
