760203 -2320 -4288 3
519237 -368 768 3
22144 224 -3200 3
531287 2736 -2512 3
532445 -2224 688 3
36568 -3552 -1184 3
36667 2560 -2336 3
287699 3216 2128 3
289347 -1568 4016 3
43782 -2320 -2512 3
44631 1456 -4160 3
299488 1536 4672 3
50311 1424 272 3
51458 848 2592 3
52113 672 -1248 3
552089 3232 -2240 3
554840 368 -2992 3
810028 1488 -4480 3
570992 4528 -576 3
572373 -2224 -544 3
322164 -3120 -3088 3
823602 -1136 2912 3
583392 240 -1824 3
834349 224 -4160 3
335436 4608 960 3
836527 -3792 -2944 3
837407 1600 2032 3
337436 880 2912 3
91595 2608 3856 3
93007 3280 192 3
845503 -3584 3344 3
96077 -4912 0 3
856872 2032 4544 3
606996 4064 -896 3
858381 -2832 -1136 3
610353 256 2176 3
860968 864 -4752 3
614635 4080 320 3
365403 -2192 3488 3
867476 2816 -3584 3
868300 -3104 -400 3
125639 2768 2096 3
127443 224 -1568 3
381065 672 -4816 3
132194 -1808 -3744 3
395040 16 -4768 3
149110 -4368 1968 3
913748 -2912 656 3
665048 -1280 816 3
666086 -3088 -3792 3
420886 1392 -1792 3
181046 -560 -4448 3
933080 -1184 4704 3
933968 -3632 -3120 3
184984 3968 -2960 3
189207 3840 -1136 3
439927 176 4192 3
441702 -2816 -384 3
193244 4640 896 3
194431 -1712 3568 3
196152 768 3472 3
946702 -1136 176 3
447264 -3744 1968 3
698702 -4832 -1120 3
202213 -560 4176 3
710019 -2320 880 3
463074 2560 1008 3
965066 -1792 -352 3
220708 2080 -4240 3
721148 -3616 3312 3
976048 -3008 2080 3
981825 3392 -2896 3
735878 1920 1488 3
743382 3232 272 3
745107 752 2080 3
497717 1648 -1088 3
